# scene_many.txt – habitación con 40 esferas pequeñas.
#
# Formato: sphere cx cy cz radio R G B reflectividad shininess

sphere  -0.916  -0.772  -1.457  0.20  0.90  0.20  0.20  0.10  8
sphere  -2.223   0.576  -2.484  0.20  0.90  0.50  0.10  0.10  8
sphere  -2.298   0.476  -3.665  0.20  0.90  0.85  0.10  0.10  8
sphere  -0.345  -1.056  -3.473  0.20  0.20  0.80  0.20  0.10  8
sphere  -0.393   1.594  -3.354  0.20  0.10  0.80  0.80  0.10  8
sphere  -1.439   0.896  -0.388  0.20  0.20  0.30  0.90  0.10  8
sphere   0.401   0.088  -0.285  0.20  0.65  0.10  0.90  0.10  8
sphere  -2.358   1.705  -2.757  0.20  0.90  0.20  0.65  0.10  8
sphere  -1.850  -0.888  -2.689  0.20  0.90  0.90  0.90  0.10  8
sphere   1.644  -0.667  -1.706  0.20  0.55  0.35  0.20  0.10  8
sphere   0.722   0.003  -1.828  0.20  0.90  0.20  0.20  0.10  8
sphere  -2.273  -1.091  -3.059  0.20  0.90  0.50  0.10  0.10  8
sphere   0.938   0.197  -2.669  0.20  0.90  0.85  0.10  0.10  8
sphere   0.445   0.286  -2.721  0.20  0.20  0.80  0.20  0.10  8
sphere   1.531   1.146  -2.921  0.20  0.10  0.80  0.80  0.10  8
sphere   0.387   0.538  -0.650  0.20  0.20  0.30  0.90  0.10  8
sphere   1.193  -0.292  -0.271  0.20  0.65  0.10  0.90  0.10  8
sphere  -1.986   0.163  -1.074  0.20  0.90  0.20  0.65  0.10  8
sphere  -1.810   0.411  -3.659  0.20  0.90  0.90  0.90  0.10  8
sphere   0.875   1.376  -1.737  0.20  0.55  0.35  0.20  0.10  8
sphere   1.952  -0.202  -1.297  0.20  0.90  0.20  0.20  0.10  8
sphere   0.491   0.730  -2.158  0.20  0.90  0.50  0.10  0.10  8
sphere   1.768   2.006  -2.093  0.20  0.90  0.85  0.10  0.10  8
sphere   0.854  -1.088  -1.275  0.20  0.20  0.80  0.20  0.10  8
sphere   0.765   2.176  -0.841  0.20  0.10  0.80  0.80  0.10  8
sphere  -1.120   0.050  -1.393  0.20  0.20  0.30  0.90  0.10  8
sphere  -2.483   0.316  -3.195  0.20  0.65  0.10  0.90  0.10  8
sphere  -1.991  -1.094  -1.034  0.20  0.90  0.20  0.65  0.10  8
sphere  -1.927  -0.433  -2.393  0.20  0.90  0.90  0.90  0.10  8
sphere   1.931  -1.018  -2.183  0.20  0.55  0.35  0.20  0.10  8
sphere   0.257   1.792  -0.851  0.20  0.90  0.20  0.20  0.10  8
sphere   1.893  -0.326  -2.305  0.20  0.90  0.50  0.10  0.10  8
sphere  -0.734   1.795  -0.352  0.20  0.90  0.85  0.10  0.10  8
sphere  -1.387   0.397  -1.679  0.20  0.20  0.80  0.20  0.10  8
sphere  -1.234  -1.286  -2.292  0.20  0.10  0.80  0.80  0.10  8
sphere  -0.680   0.682  -0.369  0.20  0.20  0.30  0.90  0.10  8
sphere   0.991   0.504  -1.577  0.20  0.65  0.10  0.90  0.10  8
sphere   0.916  -1.111  -0.562  0.20  0.90  0.20  0.65  0.10  8
sphere   1.456   1.761  -0.928  0.20  0.90  0.90  0.90  0.10  8
sphere  -0.560   0.096  -3.427  0.20  0.55  0.35  0.20  0.10  8
